89918710401084292760
89918710401084292778
89918710401084292786
89918710401084292794
89918710401084292802
89918710401084292810
89918710401084292828
89918710401084292836
89918710401084292844
89918710401084292851
89918710401084292869
89918710401084292877
89918710401084292885
89918710401084292893
89918710401084292901
89918710401084292919
89918710401084292927
89918710401084292935
89918710401084292943
89918710401084292950
89918710401084292968
89918710401084292976
89918710401084292984
89918710401084292992
89918710401084293008
89918710401084293016
89918710401084293024
89918710401084293032
89918710401084293040
89918710401084293057
89918710401084293065
89918710401084293073
89918710401084293081
89918710401084293099
89918710401084293107
89918710401084293115
89918710401084293123
89918710401084293131
89918710401084293149
89918710401084293156
89918710401084293164
89918710401084293172
89918710401084293180
89918710401084293198
89918710401084293206
89918710401084293214
89918710401084293222
89918710401084293230
89918710401084293248
89918710401084293255
89918710401084293263
89918710401084300928
89918710401084300936
89918710401084300944
89918710401084300951
89918710401084300969
89918710401084300977
89918710401084300985
89918710401084300993
89918710401084301009
89918710401084301017
89918710401084301025
89918710401084301033
89918710401084301041
89918710401084301058
89918710401084301066
89918710401084301074
89918710401084301082
89918710401084301090
89918710401084301108
89918710401084301116
89918710401084301124
89918710401084301132
89918710401084301140
89918710401084301157
89918710401084301165
89918710401084301173
89918710401084301181
89918710401084301199
89918710401084301207
89918710401084301215
89918710401084301223
89918710401084301231
89918710401084301249
89918710401084301256
89918710401084301264
89918710401084301272
89918710401084301280
89918710401084301298
89918710401084301306
89918710401084301314
89918710401084301322
89918710401084301330
89918710401084301348
89918710401084301355
89918710401084301363
89918710401084301371
89918710401084301389
89918710401084301397
89918710401084301405
89918710401084301413
89918710401084301421
89918710401084309085
89918710401084309093
89918710401084309101
89918710401084309119
89918710401084309127
89918710401084309135
89918710401084309143
89918710401084309150
89918710401084309168
89918710401084309176
89918710401084309184
89918710401084309192
89918710401084309200
89918710401084309218
89918710401084309226
89918710401084309234
89918710401084309242
89918710401084309259
89918710401084309267
89918710401084309275
89918710401084309283
89918710401084309291
89918710401084309309
89918710401084309317
89918710401084309325
89918710401084309333
89918710401084309341
89918710401084309358
89918710401084309366
89918710401084309374
89918710401084309382
89918710401084309390
89918710401084309408
89918710401084309416
89918710401084309424
89918710401084309432
89918710401084309440
89918710401084309457
89918710401084309465
89918710401084309473
89918710401084309481
89918710401084309499
89918710401084309507
89918710401084309515
89918710401084309523
89918710401084309531
89918710401084309549
89918710401084309556
89918710401084309564
89918710401084309572
89918710401084309580
89918710401084317245
89918710401084317252
89918710401084317260
89918710401084317278
89918710401084317286
89918710401084317294
89918710401084317302
89918710401084317310
89918710401084317328
89918710401084317336
89918710401084317344
89918710401084317351
89918710401084317369
89918710401084317377
89918710401084317385
89918710401084317393
89918710401084317401
89918710401084317419
89918710401084317427
89918710401084317435
89918710401084317443
89918710401084317450
89918710401084317468
89918710401084317476
89918710401084317484
89918710401084317492
89918710401084317500
89918710401084317518
89918710401084317526
89918710401084317534
89918710401084317542
89918710401084317559
89918710401084317567
89918710401084317575
89918710401084317583
89918710401084317591
89918710401084317609
89918710401084317617
89918710401084317625
89918710401084317633
89918710401084317641
89918710401084317658
89918710401084317666
89918710401084317674
89918710401084317682
89918710401084317690
89918710401084317708
89918710401084317716
89918710401084317724
89918710401084317732
89918710401084317740
89918710401084325404
89918710401084325412
89918710401084325420
89918710401084325438
89918710401084325446
89918710401084325453
89918710401084325461
89918710401084325479
89918710401084325487
89918710401084325495
89918710401084325503
89918710401084325511
89918710401084325529
89918710401084325537
89918710401084325545
89918710401084325552
89918710401084325560
89918710401084325578
89918710401084325586
89918710401084325594
89918710401084325602
89918710401084325610
89918710401084325628
89918710401084325636
89918710401084325644
89918710401084325651
89918710401084325669
89918710401084325677
89918710401084325685
89918710401084325693
89918710401084325701
